,Unnamed: 0,0,1,2,3,4,5,6,7,8,9,10,11,12
0,0,144.0,43.0,49.0,54.0,65.0,71.0,64.0,78.0,31.0,33.10169,29.89831,33.78378,74.0
1,1,74.0,144.0,43.0,49.0,54.0,65.0,71.0,64.0,78.0,31.0,33.10169,29.89831,69.0
2,2,69.0,74.0,144.0,43.0,49.0,54.0,65.0,71.0,64.0,78.0,31.0,33.10169,58.0
3,3,58.0,69.0,74.0,144.0,43.0,49.0,54.0,65.0,71.0,64.0,78.0,31.0,65.0
4,4,65.0,58.0,69.0,74.0,144.0,43.0,49.0,54.0,65.0,71.0,64.0,78.0,59.0
5,5,59.0,65.0,58.0,69.0,74.0,144.0,43.0,49.0,54.0,65.0,71.0,64.0,57.0
6,6,57.0,59.0,65.0,58.0,69.0,74.0,144.0,43.0,49.0,54.0,65.0,71.0,65.0
7,7,65.0,57.0,59.0,65.0,58.0,69.0,74.0,144.0,43.0,49.0,54.0,65.0,65.0
8,8,65.0,65.0,57.0,59.0,65.0,58.0,69.0,74.0,144.0,43.0,49.0,54.0,63.586200000000005
9,9,63.586200000000005,65.0,65.0,57.0,59.0,65.0,58.0,69.0,74.0,144.0,43.0,49.0,68.4138
10,10,68.4138,63.586200000000005,65.0,65.0,57.0,59.0,65.0,58.0,69.0,74.0,144.0,43.0,97.0
11,11,97.0,68.4138,63.586200000000005,65.0,65.0,57.0,59.0,65.0,58.0,69.0,74.0,144.0,100.0
12,12,100.0,97.0,68.4138,63.586200000000005,65.0,65.0,57.0,59.0,65.0,58.0,69.0,74.0,39.0
13,13,39.0,100.0,97.0,68.4138,63.586200000000005,65.0,65.0,57.0,59.0,65.0,58.0,69.0,76.0
14,14,76.0,39.0,100.0,97.0,68.4138,63.586200000000005,65.0,65.0,57.0,59.0,65.0,58.0,62.0
15,15,62.0,76.0,39.0,100.0,97.0,68.4138,63.586200000000005,65.0,65.0,57.0,59.0,65.0,51.0
16,16,51.0,62.0,76.0,39.0,100.0,97.0,68.4138,63.586200000000005,65.0,65.0,57.0,59.0,63.0
17,17,63.0,51.0,62.0,76.0,39.0,100.0,97.0,68.4138,63.586200000000005,65.0,65.0,57.0,57.0
18,18,57.0,63.0,51.0,62.0,76.0,39.0,100.0,97.0,68.4138,63.586200000000005,65.0,65.0,110.0
19,19,110.0,57.0,63.0,51.0,62.0,76.0,39.0,100.0,97.0,68.4138,63.586200000000005,65.0,122.0
20,20,122.0,110.0,57.0,63.0,51.0,62.0,76.0,39.0,100.0,97.0,68.4138,63.586200000000005,106.0
21,21,106.0,122.0,110.0,57.0,63.0,51.0,62.0,76.0,39.0,100.0,97.0,68.4138,81.0
22,22,81.0,106.0,122.0,110.0,57.0,63.0,51.0,62.0,76.0,39.0,100.0,97.0,83.0
23,23,83.0,81.0,106.0,122.0,110.0,57.0,63.0,51.0,62.0,76.0,39.0,100.0,83.0
24,24,83.0,83.0,81.0,106.0,122.0,110.0,57.0,63.0,51.0,62.0,76.0,39.0,85.0
25,25,85.0,83.0,83.0,81.0,106.0,122.0,110.0,57.0,63.0,51.0,62.0,76.0,77.0
26,26,77.0,85.0,83.0,83.0,81.0,106.0,122.0,110.0,57.0,63.0,51.0,62.0,83.0
27,27,83.0,77.0,85.0,83.0,83.0,81.0,106.0,122.0,110.0,57.0,63.0,51.0,82.0
28,28,82.0,83.0,77.0,85.0,83.0,83.0,81.0,106.0,122.0,110.0,57.0,63.0,84.0
29,29,84.0,82.0,83.0,77.0,85.0,83.0,83.0,81.0,106.0,122.0,110.0,57.0,82.0
30,30,82.0,84.0,82.0,83.0,77.0,85.0,83.0,83.0,81.0,106.0,122.0,110.0,84.0
31,31,84.0,82.0,84.0,82.0,83.0,77.0,85.0,83.0,83.0,81.0,106.0,122.0,85.0
32,32,85.0,84.0,82.0,84.0,82.0,83.0,77.0,85.0,83.0,83.0,81.0,106.0,83.0
33,33,83.0,85.0,84.0,82.0,84.0,82.0,83.0,77.0,85.0,83.0,83.0,81.0,33.0
34,34,33.0,83.0,85.0,84.0,82.0,84.0,82.0,83.0,77.0,85.0,83.0,83.0,33.0
35,35,33.0,33.0,83.0,85.0,84.0,82.0,84.0,82.0,83.0,77.0,85.0,83.0,34.0
36,36,34.0,33.0,33.0,83.0,85.0,84.0,82.0,84.0,82.0,83.0,77.0,85.0,34.0
37,37,34.0,34.0,33.0,33.0,83.0,85.0,84.0,82.0,84.0,82.0,83.0,77.0,31.0
38,38,31.0,34.0,34.0,33.0,33.0,83.0,85.0,84.0,82.0,84.0,82.0,83.0,34.0
39,39,34.0,31.0,34.0,34.0,33.0,33.0,83.0,85.0,84.0,82.0,84.0,82.0,33.0
40,40,33.0,34.0,31.0,34.0,34.0,33.0,33.0,83.0,85.0,84.0,82.0,84.0,42.0
41,41,42.0,33.0,34.0,31.0,34.0,34.0,33.0,33.0,83.0,85.0,84.0,82.0,83.0
42,42,83.0,42.0,33.0,34.0,31.0,34.0,34.0,33.0,33.0,83.0,85.0,84.0,87.0
43,43,87.0,83.0,42.0,33.0,34.0,31.0,34.0,34.0,33.0,33.0,83.0,85.0,87.0
44,44,87.0,87.0,83.0,42.0,33.0,34.0,31.0,34.0,34.0,33.0,33.0,83.0,84.0
45,45,84.0,87.0,87.0,83.0,42.0,33.0,34.0,31.0,34.0,34.0,33.0,33.0,86.0
46,46,86.0,84.0,87.0,87.0,83.0,42.0,33.0,34.0,31.0,34.0,34.0,33.0,83.0
47,47,83.0,86.0,84.0,87.0,87.0,83.0,42.0,33.0,34.0,31.0,34.0,34.0,87.0
48,48,87.0,83.0,86.0,84.0,87.0,87.0,83.0,42.0,33.0,34.0,31.0,34.0,86.0
49,49,86.0,87.0,83.0,86.0,84.0,87.0,87.0,83.0,42.0,33.0,34.0,31.0,78.0
50,50,78.0,86.0,87.0,83.0,86.0,84.0,87.0,87.0,83.0,42.0,33.0,34.0,87.0
51,51,87.0,78.0,86.0,87.0,83.0,86.0,84.0,87.0,87.0,83.0,42.0,33.0,83.0
52,52,83.0,87.0,78.0,86.0,87.0,83.0,86.0,84.0,87.0,87.0,83.0,42.0,86.0
53,53,86.0,83.0,87.0,78.0,86.0,87.0,83.0,86.0,84.0,87.0,87.0,83.0,84.0
54,54,84.0,86.0,83.0,87.0,78.0,86.0,87.0,83.0,86.0,84.0,87.0,87.0,86.0
55,55,86.0,84.0,86.0,83.0,87.0,78.0,86.0,87.0,83.0,86.0,84.0,87.0,86.0
56,56,86.0,86.0,84.0,86.0,83.0,87.0,78.0,86.0,87.0,83.0,86.0,84.0,85.0
57,57,85.0,86.0,86.0,84.0,86.0,83.0,87.0,78.0,86.0,87.0,83.0,86.0,86.0
58,58,86.0,85.0,86.0,86.0,84.0,86.0,83.0,87.0,78.0,86.0,87.0,83.0,83.0
59,59,83.0,86.0,85.0,86.0,86.0,84.0,86.0,83.0,87.0,78.0,86.0,87.0,87.0
60,60,87.0,83.0,86.0,85.0,86.0,86.0,84.0,86.0,83.0,87.0,78.0,86.0,86.0
61,61,86.0,87.0,83.0,86.0,85.0,86.0,86.0,84.0,86.0,83.0,87.0,78.0,81.0
62,62,81.0,86.0,87.0,83.0,86.0,85.0,86.0,86.0,84.0,86.0,83.0,87.0,86.0
63,63,86.0,81.0,86.0,87.0,83.0,86.0,85.0,86.0,86.0,84.0,86.0,83.0,85.0
64,64,85.0,86.0,81.0,86.0,87.0,83.0,86.0,85.0,86.0,86.0,84.0,86.0,118.0
65,65,118.0,85.0,86.0,81.0,86.0,87.0,83.0,86.0,85.0,86.0,86.0,84.0,147.0
66,66,147.0,118.0,85.0,86.0,81.0,86.0,87.0,83.0,86.0,85.0,86.0,86.0,188.0
67,67,188.0,147.0,118.0,85.0,86.0,81.0,86.0,87.0,83.0,86.0,85.0,86.0,162.0
68,68,162.0,188.0,147.0,118.0,85.0,86.0,81.0,86.0,87.0,83.0,86.0,85.0,144.0
69,69,144.0,162.0,188.0,147.0,118.0,85.0,86.0,81.0,86.0,87.0,83.0,86.0,144.0
70,70,144.0,144.0,162.0,188.0,147.0,118.0,85.0,86.0,81.0,86.0,87.0,83.0,134.0
71,71,134.0,144.0,144.0,162.0,188.0,147.0,118.0,85.0,86.0,81.0,86.0,87.0,163.0
72,72,163.0,134.0,144.0,144.0,162.0,188.0,147.0,118.0,85.0,86.0,81.0,86.0,149.0
73,73,149.0,163.0,134.0,144.0,144.0,162.0,188.0,147.0,118.0,85.0,86.0,81.0,127.0
74,74,127.0,149.0,163.0,134.0,144.0,144.0,162.0,188.0,147.0,118.0,85.0,86.0,135.0
75,75,135.0,127.0,149.0,163.0,134.0,144.0,144.0,162.0,188.0,147.0,118.0,85.0,127.0
76,76,127.0,135.0,127.0,149.0,163.0,134.0,144.0,144.0,162.0,188.0,147.0,118.0,147.0
77,77,147.0,127.0,135.0,127.0,149.0,163.0,134.0,144.0,144.0,162.0,188.0,147.0,168.0
78,78,168.0,147.0,127.0,135.0,127.0,149.0,163.0,134.0,144.0,144.0,162.0,188.0,189.0
79,79,189.0,168.0,147.0,127.0,135.0,127.0,149.0,163.0,134.0,144.0,144.0,162.0,337.0
80,80,337.0,189.0,168.0,147.0,127.0,135.0,127.0,149.0,163.0,134.0,144.0,144.0,152.0
81,81,152.0,337.0,189.0,168.0,147.0,127.0,135.0,127.0,149.0,163.0,134.0,144.0,143.0
82,82,143.0,152.0,337.0,189.0,168.0,147.0,127.0,135.0,127.0,149.0,163.0,134.0,135.0
83,83,135.0,143.0,152.0,337.0,189.0,168.0,147.0,127.0,135.0,127.0,149.0,163.0,167.0
84,84,167.0,135.0,143.0,152.0,337.0,189.0,168.0,147.0,127.0,135.0,127.0,149.0,163.0
85,85,163.0,167.0,135.0,143.0,152.0,337.0,189.0,168.0,147.0,127.0,135.0,127.0,131.0
86,86,131.0,163.0,167.0,135.0,143.0,152.0,337.0,189.0,168.0,147.0,127.0,135.0,142.0
87,87,142.0,131.0,163.0,167.0,135.0,143.0,152.0,337.0,189.0,168.0,147.0,127.0,148.0
88,88,148.0,142.0,131.0,163.0,167.0,135.0,143.0,152.0,337.0,189.0,168.0,147.0,166.0
89,89,166.0,148.0,142.0,131.0,163.0,167.0,135.0,143.0,152.0,337.0,189.0,168.0,161.0
90,90,161.0,166.0,148.0,142.0,131.0,163.0,167.0,135.0,143.0,152.0,337.0,189.0,174.0
91,91,174.0,161.0,166.0,148.0,142.0,131.0,163.0,167.0,135.0,143.0,152.0,337.0,317.0
92,92,317.0,174.0,161.0,166.0,148.0,142.0,131.0,163.0,167.0,135.0,143.0,152.0,163.0
93,93,163.0,317.0,174.0,161.0,166.0,148.0,142.0,131.0,163.0,167.0,135.0,143.0,128.043
94,94,128.043,163.0,317.0,174.0,161.0,166.0,148.0,142.0,131.0,163.0,167.0,135.0,125.241
95,95,125.241,128.043,163.0,317.0,174.0,161.0,166.0,148.0,142.0,131.0,163.0,167.0,186.816
96,0,263.0,213.0,234.0,223.0,257.0,240.0,211.0,200.0,206.0,208.0,199.79662,221.20338,245.0
97,1,245.0,263.0,213.0,234.0,223.0,257.0,240.0,211.0,200.0,206.0,208.0,199.79662,211.0
98,2,211.0,245.0,263.0,213.0,234.0,223.0,257.0,240.0,211.0,200.0,206.0,208.0,209.0
99,3,209.0,211.0,245.0,263.0,213.0,234.0,223.0,257.0,240.0,211.0,200.0,206.0,159.0
100,4,159.0,209.0,211.0,245.0,263.0,213.0,234.0,223.0,257.0,240.0,211.0,200.0,168.0
101,5,168.0,159.0,209.0,211.0,245.0,263.0,213.0,234.0,223.0,257.0,240.0,211.0,195.0
102,6,195.0,168.0,159.0,209.0,211.0,245.0,263.0,213.0,234.0,223.0,257.0,240.0,214.0
103,7,214.0,195.0,168.0,159.0,209.0,211.0,245.0,263.0,213.0,234.0,223.0,257.0,226.0
104,8,226.0,214.0,195.0,168.0,159.0,209.0,211.0,245.0,263.0,213.0,234.0,223.0,221.0
105,9,221.0,226.0,214.0,195.0,168.0,159.0,209.0,211.0,245.0,263.0,213.0,234.0,193.0
106,10,193.0,221.0,226.0,214.0,195.0,168.0,159.0,209.0,211.0,245.0,263.0,213.0,215.0
107,11,215.0,193.0,221.0,226.0,214.0,195.0,168.0,159.0,209.0,211.0,245.0,263.0,272.0
108,12,272.0,215.0,193.0,221.0,226.0,214.0,195.0,168.0,159.0,209.0,211.0,245.0,236.0
109,13,236.0,272.0,215.0,193.0,221.0,226.0,214.0,195.0,168.0,159.0,209.0,211.0,214.0
110,14,214.0,236.0,272.0,215.0,193.0,221.0,226.0,214.0,195.0,168.0,159.0,209.0,225.0
111,15,225.0,214.0,236.0,272.0,215.0,193.0,221.0,226.0,214.0,195.0,168.0,159.0,218.0
112,16,218.0,225.0,214.0,236.0,272.0,215.0,193.0,221.0,226.0,214.0,195.0,168.0,195.0
113,17,195.0,218.0,225.0,214.0,236.0,272.0,215.0,193.0,221.0,226.0,214.0,195.0,215.0
114,18,215.0,195.0,218.0,225.0,214.0,236.0,272.0,215.0,193.0,221.0,226.0,214.0,251.0
115,19,251.0,215.0,195.0,218.0,225.0,214.0,236.0,272.0,215.0,193.0,221.0,226.0,258.0
116,20,258.0,251.0,215.0,195.0,218.0,225.0,214.0,236.0,272.0,215.0,193.0,221.0,207.0
117,21,207.0,258.0,251.0,215.0,195.0,218.0,225.0,214.0,236.0,272.0,215.0,193.0,230.0
118,22,230.0,207.0,258.0,251.0,215.0,195.0,218.0,225.0,214.0,236.0,272.0,215.0,223.0
119,23,223.0,230.0,207.0,258.0,251.0,215.0,195.0,218.0,225.0,214.0,236.0,272.0,230.0
120,24,230.0,223.0,230.0,207.0,258.0,251.0,215.0,195.0,218.0,225.0,214.0,236.0,230.0
121,25,230.0,230.0,223.0,230.0,207.0,258.0,251.0,215.0,195.0,218.0,225.0,214.0,208.0
122,26,208.0,230.0,230.0,223.0,230.0,207.0,258.0,251.0,215.0,195.0,218.0,225.0,230.0
123,27,230.0,208.0,230.0,230.0,223.0,230.0,207.0,258.0,251.0,215.0,195.0,218.0,223.0
124,28,223.0,230.0,208.0,230.0,230.0,223.0,230.0,207.0,258.0,251.0,215.0,195.0,230.0
125,29,230.0,223.0,230.0,208.0,230.0,230.0,223.0,230.0,207.0,258.0,251.0,215.0,223.0
126,30,223.0,230.0,223.0,230.0,208.0,230.0,230.0,223.0,230.0,207.0,258.0,251.0,230.0
127,31,230.0,223.0,230.0,223.0,230.0,208.0,230.0,230.0,223.0,230.0,207.0,258.0,231.0
128,32,231.0,230.0,223.0,230.0,223.0,230.0,208.0,230.0,230.0,223.0,230.0,207.0,224.0
129,33,224.0,231.0,230.0,223.0,230.0,223.0,230.0,208.0,230.0,230.0,223.0,230.0,231.0
130,34,231.0,224.0,231.0,230.0,223.0,230.0,223.0,230.0,208.0,230.0,230.0,223.0,224.0
131,35,224.0,231.0,224.0,231.0,230.0,223.0,230.0,223.0,230.0,208.0,230.0,230.0,232.0
132,36,232.0,224.0,231.0,224.0,231.0,230.0,223.0,230.0,223.0,230.0,208.0,230.0,231.0
133,37,231.0,232.0,224.0,231.0,224.0,231.0,230.0,223.0,230.0,223.0,230.0,208.0,210.0
134,38,210.0,231.0,232.0,224.0,231.0,224.0,231.0,230.0,223.0,230.0,223.0,230.0,232.0
135,39,232.0,210.0,231.0,232.0,224.0,231.0,224.0,231.0,230.0,223.0,230.0,223.0,224.0
136,40,224.0,232.0,210.0,231.0,232.0,224.0,231.0,224.0,231.0,230.0,223.0,230.0,231.0
137,41,231.0,224.0,232.0,210.0,231.0,232.0,224.0,231.0,224.0,231.0,230.0,223.0,225.0
138,42,225.0,231.0,224.0,232.0,210.0,231.0,232.0,224.0,231.0,224.0,231.0,230.0,231.0
139,43,231.0,225.0,231.0,224.0,232.0,210.0,231.0,232.0,224.0,231.0,224.0,231.0,233.0
140,44,233.0,231.0,225.0,231.0,224.0,232.0,210.0,231.0,232.0,224.0,231.0,224.0,224.0
141,45,224.0,233.0,231.0,225.0,231.0,224.0,232.0,210.0,231.0,232.0,224.0,231.0,232.0
142,46,232.0,224.0,233.0,231.0,225.0,231.0,224.0,232.0,210.0,231.0,232.0,224.0,224.0
143,47,224.0,232.0,224.0,233.0,231.0,225.0,231.0,224.0,232.0,210.0,231.0,232.0,232.0
144,48,232.0,224.0,232.0,224.0,233.0,231.0,225.0,231.0,224.0,232.0,210.0,231.0,232.0
145,49,232.0,232.0,224.0,232.0,224.0,233.0,231.0,225.0,231.0,224.0,232.0,210.0,210.0
146,50,210.0,232.0,232.0,224.0,232.0,224.0,233.0,231.0,225.0,231.0,224.0,232.0,231.0
147,51,231.0,210.0,232.0,232.0,224.0,232.0,224.0,233.0,231.0,225.0,231.0,224.0,224.0
148,52,224.0,231.0,210.0,232.0,232.0,224.0,232.0,224.0,233.0,231.0,225.0,231.0,232.0
149,53,232.0,224.0,231.0,210.0,232.0,232.0,224.0,232.0,224.0,233.0,231.0,225.0,225.0
150,54,225.0,232.0,224.0,231.0,210.0,232.0,232.0,224.0,232.0,224.0,233.0,231.0,232.0
151,55,232.0,225.0,232.0,224.0,231.0,210.0,232.0,232.0,224.0,232.0,224.0,233.0,231.0
152,56,231.0,232.0,225.0,232.0,224.0,231.0,210.0,232.0,232.0,224.0,232.0,224.0,224.0
153,57,224.0,231.0,232.0,225.0,232.0,224.0,231.0,210.0,232.0,232.0,224.0,232.0,221.0
154,58,221.0,224.0,231.0,232.0,225.0,232.0,224.0,231.0,210.0,232.0,232.0,224.0,212.0
155,59,212.0,221.0,224.0,231.0,232.0,225.0,232.0,224.0,231.0,210.0,232.0,232.0,221.0
156,60,221.0,212.0,221.0,224.0,231.0,232.0,225.0,232.0,224.0,231.0,210.0,232.0,198.0
157,61,198.0,221.0,212.0,221.0,224.0,231.0,232.0,225.0,232.0,224.0,231.0,210.0,182.0
158,62,182.0,198.0,221.0,212.0,221.0,224.0,231.0,232.0,225.0,232.0,224.0,231.0,188.0
159,63,188.0,182.0,198.0,221.0,212.0,221.0,224.0,231.0,232.0,225.0,232.0,224.0,190.0
160,64,190.0,188.0,182.0,198.0,221.0,212.0,221.0,224.0,231.0,232.0,225.0,232.0,178.0
161,65,178.0,190.0,188.0,182.0,198.0,221.0,212.0,221.0,224.0,231.0,232.0,225.0,179.0
162,66,179.0,178.0,190.0,188.0,182.0,198.0,221.0,212.0,221.0,224.0,231.0,232.0,197.0
163,67,197.0,179.0,178.0,190.0,188.0,182.0,198.0,221.0,212.0,221.0,224.0,231.0,198.0
164,68,198.0,197.0,179.0,178.0,190.0,188.0,182.0,198.0,221.0,212.0,221.0,224.0,157.0
165,69,157.0,198.0,197.0,179.0,178.0,190.0,188.0,182.0,198.0,221.0,212.0,221.0,193.0
166,70,193.0,157.0,198.0,197.0,179.0,178.0,190.0,188.0,182.0,198.0,221.0,212.0,209.0
167,71,209.0,193.0,157.0,198.0,197.0,179.0,178.0,190.0,188.0,182.0,198.0,221.0,261.0
168,72,261.0,209.0,193.0,157.0,198.0,197.0,179.0,178.0,190.0,188.0,182.0,198.0,241.0
169,73,241.0,261.0,209.0,193.0,157.0,198.0,197.0,179.0,178.0,190.0,188.0,182.0,200.0
170,74,200.0,241.0,261.0,209.0,193.0,157.0,198.0,197.0,179.0,178.0,190.0,188.0,220.0
171,75,220.0,200.0,241.0,261.0,209.0,193.0,157.0,198.0,197.0,179.0,178.0,190.0,206.0
172,76,206.0,220.0,200.0,241.0,261.0,209.0,193.0,157.0,198.0,197.0,179.0,178.0,178.0
173,77,178.0,206.0,220.0,200.0,241.0,261.0,209.0,193.0,157.0,198.0,197.0,179.0,184.0
174,78,184.0,178.0,206.0,220.0,200.0,241.0,261.0,209.0,193.0,157.0,198.0,197.0,206.0
175,79,206.0,184.0,178.0,206.0,220.0,200.0,241.0,261.0,209.0,193.0,157.0,198.0,217.0
176,80,217.0,206.0,184.0,178.0,206.0,220.0,200.0,241.0,261.0,209.0,193.0,157.0,163.0
177,81,163.0,217.0,206.0,184.0,178.0,206.0,220.0,200.0,241.0,261.0,209.0,193.0,198.0
178,82,198.0,163.0,217.0,206.0,184.0,178.0,206.0,220.0,200.0,241.0,261.0,209.0,202.0
179,83,202.0,198.0,163.0,217.0,206.0,184.0,178.0,206.0,220.0,200.0,241.0,261.0,228.0
180,84,228.0,202.0,198.0,163.0,217.0,206.0,184.0,178.0,206.0,220.0,200.0,241.0,212.0
181,85,212.0,228.0,202.0,198.0,163.0,217.0,206.0,184.0,178.0,206.0,220.0,200.0,201.0
182,86,201.0,212.0,228.0,202.0,198.0,163.0,217.0,206.0,184.0,178.0,206.0,220.0,209.0
183,87,209.0,201.0,212.0,228.0,202.0,198.0,163.0,217.0,206.0,184.0,178.0,206.0,192.0
184,88,192.0,209.0,201.0,212.0,228.0,202.0,198.0,163.0,217.0,206.0,184.0,178.0,138.0
185,89,138.0,192.0,209.0,201.0,212.0,228.0,202.0,198.0,163.0,217.0,206.0,184.0,132.0
186,90,132.0,138.0,192.0,209.0,201.0,212.0,228.0,202.0,198.0,163.0,217.0,206.0,151.0
187,91,151.0,132.0,138.0,192.0,209.0,201.0,212.0,228.0,202.0,198.0,163.0,217.0,161.0
188,92,161.0,151.0,132.0,138.0,192.0,209.0,201.0,212.0,228.0,202.0,198.0,163.0,126.0
189,93,126.0,161.0,151.0,132.0,138.0,192.0,209.0,201.0,212.0,228.0,202.0,198.0,126.199
190,94,126.199,126.0,161.0,151.0,132.0,138.0,192.0,209.0,201.0,212.0,228.0,202.0,127.117
191,95,127.117,126.199,126.0,161.0,151.0,132.0,138.0,192.0,209.0,201.0,212.0,228.0,176.54700000000005
192,0,0.0,0.0,0.0,0.0,0.0,0.0,0.0,0.0,0.0,0.0,0.0,0.0,0.0
193,1,0.0,0.0,0.0,0.0,0.0,0.0,0.0,0.0,0.0,0.0,0.0,0.0,0.0
194,2,0.0,0.0,0.0,0.0,0.0,0.0,0.0,0.0,0.0,0.0,0.0,0.0,0.0
195,3,0.0,0.0,0.0,0.0,0.0,0.0,0.0,0.0,0.0,0.0,0.0,0.0,0.0
196,4,0.0,0.0,0.0,0.0,0.0,0.0,0.0,0.0,0.0,0.0,0.0,0.0,0.0
197,5,0.0,0.0,0.0,0.0,0.0,0.0,0.0,0.0,0.0,0.0,0.0,0.0,0.0
198,6,0.0,0.0,0.0,0.0,0.0,0.0,0.0,0.0,0.0,0.0,0.0,0.0,0.0
199,7,0.0,0.0,0.0,0.0,0.0,0.0,0.0,0.0,0.0,0.0,0.0,0.0,0.0
200,8,0.0,0.0,0.0,0.0,0.0,0.0,0.0,0.0,0.0,0.0,0.0,0.0,0.0
201,9,0.0,0.0,0.0,0.0,0.0,0.0,0.0,0.0,0.0,0.0,0.0,0.0,0.0
202,10,0.0,0.0,0.0,0.0,0.0,0.0,0.0,0.0,0.0,0.0,0.0,0.0,0.0
203,11,0.0,0.0,0.0,0.0,0.0,0.0,0.0,0.0,0.0,0.0,0.0,0.0,0.0
204,12,0.0,0.0,0.0,0.0,0.0,0.0,0.0,0.0,0.0,0.0,0.0,0.0,0.0
205,13,0.0,0.0,0.0,0.0,0.0,0.0,0.0,0.0,0.0,0.0,0.0,0.0,0.0
206,14,0.0,0.0,0.0,0.0,0.0,0.0,0.0,0.0,0.0,0.0,0.0,0.0,0.0
207,15,0.0,0.0,0.0,0.0,0.0,0.0,0.0,0.0,0.0,0.0,0.0,0.0,0.0
208,16,0.0,0.0,0.0,0.0,0.0,0.0,0.0,0.0,0.0,0.0,0.0,0.0,0.0
209,17,0.0,0.0,0.0,0.0,0.0,0.0,0.0,0.0,0.0,0.0,0.0,0.0,0.0
210,18,0.0,0.0,0.0,0.0,0.0,0.0,0.0,0.0,0.0,0.0,0.0,0.0,0.0
211,19,0.0,0.0,0.0,0.0,0.0,0.0,0.0,0.0,0.0,0.0,0.0,0.0,0.0
212,20,0.0,0.0,0.0,0.0,0.0,0.0,0.0,0.0,0.0,0.0,0.0,0.0,0.0
213,21,0.0,0.0,0.0,0.0,0.0,0.0,0.0,0.0,0.0,0.0,0.0,0.0,0.0
214,22,0.0,0.0,0.0,0.0,0.0,0.0,0.0,0.0,0.0,0.0,0.0,0.0,0.0
215,23,0.0,0.0,0.0,0.0,0.0,0.0,0.0,0.0,0.0,0.0,0.0,0.0,0.0
216,24,0.0,0.0,0.0,0.0,0.0,0.0,0.0,0.0,0.0,0.0,0.0,0.0,0.0
217,25,0.0,0.0,0.0,0.0,0.0,0.0,0.0,0.0,0.0,0.0,0.0,0.0,0.0
218,26,0.0,0.0,0.0,0.0,0.0,0.0,0.0,0.0,0.0,0.0,0.0,0.0,0.0
219,27,0.0,0.0,0.0,0.0,0.0,0.0,0.0,0.0,0.0,0.0,0.0,0.0,0.0
220,28,0.0,0.0,0.0,0.0,0.0,0.0,0.0,0.0,0.0,0.0,0.0,0.0,0.0
221,29,0.0,0.0,0.0,0.0,0.0,0.0,0.0,0.0,0.0,0.0,0.0,0.0,0.0
222,30,0.0,0.0,0.0,0.0,0.0,0.0,0.0,0.0,0.0,0.0,0.0,0.0,0.0
223,31,0.0,0.0,0.0,0.0,0.0,0.0,0.0,0.0,0.0,0.0,0.0,0.0,0.0
224,32,0.0,0.0,0.0,0.0,0.0,0.0,0.0,0.0,0.0,0.0,0.0,0.0,0.0
225,33,0.0,0.0,0.0,0.0,0.0,0.0,0.0,0.0,0.0,0.0,0.0,0.0,0.0
226,34,0.0,0.0,0.0,0.0,0.0,0.0,0.0,0.0,0.0,0.0,0.0,0.0,0.0
227,35,0.0,0.0,0.0,0.0,0.0,0.0,0.0,0.0,0.0,0.0,0.0,0.0,0.0
228,36,0.0,0.0,0.0,0.0,0.0,0.0,0.0,0.0,0.0,0.0,0.0,0.0,0.0
229,37,0.0,0.0,0.0,0.0,0.0,0.0,0.0,0.0,0.0,0.0,0.0,0.0,0.0
230,38,0.0,0.0,0.0,0.0,0.0,0.0,0.0,0.0,0.0,0.0,0.0,0.0,0.0
231,39,0.0,0.0,0.0,0.0,0.0,0.0,0.0,0.0,0.0,0.0,0.0,0.0,0.0
232,40,0.0,0.0,0.0,0.0,0.0,0.0,0.0,0.0,0.0,0.0,0.0,0.0,0.0
233,41,0.0,0.0,0.0,0.0,0.0,0.0,0.0,0.0,0.0,0.0,0.0,0.0,0.0
234,42,0.0,0.0,0.0,0.0,0.0,0.0,0.0,0.0,0.0,0.0,0.0,0.0,0.0
235,43,0.0,0.0,0.0,0.0,0.0,0.0,0.0,0.0,0.0,0.0,0.0,0.0,0.0
236,44,0.0,0.0,0.0,0.0,0.0,0.0,0.0,0.0,0.0,0.0,0.0,0.0,0.0
237,45,0.0,0.0,0.0,0.0,0.0,0.0,0.0,0.0,0.0,0.0,0.0,0.0,0.0
238,46,0.0,0.0,0.0,0.0,0.0,0.0,0.0,0.0,0.0,0.0,0.0,0.0,0.0
239,47,0.0,0.0,0.0,0.0,0.0,0.0,0.0,0.0,0.0,0.0,0.0,0.0,0.0
240,48,0.0,0.0,0.0,0.0,0.0,0.0,0.0,0.0,0.0,0.0,0.0,0.0,0.0
241,49,0.0,0.0,0.0,0.0,0.0,0.0,0.0,0.0,0.0,0.0,0.0,0.0,0.0
242,50,0.0,0.0,0.0,0.0,0.0,0.0,0.0,0.0,0.0,0.0,0.0,0.0,0.0
243,51,0.0,0.0,0.0,0.0,0.0,0.0,0.0,0.0,0.0,0.0,0.0,0.0,0.0
244,52,0.0,0.0,0.0,0.0,0.0,0.0,0.0,0.0,0.0,0.0,0.0,0.0,0.0
245,53,0.0,0.0,0.0,0.0,0.0,0.0,0.0,0.0,0.0,0.0,0.0,0.0,0.0
246,54,0.0,0.0,0.0,0.0,0.0,0.0,0.0,0.0,0.0,0.0,0.0,0.0,0.0
247,55,0.0,0.0,0.0,0.0,0.0,0.0,0.0,0.0,0.0,0.0,0.0,0.0,0.0
248,56,0.0,0.0,0.0,0.0,0.0,0.0,0.0,0.0,0.0,0.0,0.0,0.0,0.0
249,57,0.0,0.0,0.0,0.0,0.0,0.0,0.0,0.0,0.0,0.0,0.0,0.0,0.0
250,58,0.0,0.0,0.0,0.0,0.0,0.0,0.0,0.0,0.0,0.0,0.0,0.0,0.0
251,59,0.0,0.0,0.0,0.0,0.0,0.0,0.0,0.0,0.0,0.0,0.0,0.0,0.0
252,60,0.0,0.0,0.0,0.0,0.0,0.0,0.0,0.0,0.0,0.0,0.0,0.0,0.0
253,61,0.0,0.0,0.0,0.0,0.0,0.0,0.0,0.0,0.0,0.0,0.0,0.0,0.0
254,62,0.0,0.0,0.0,0.0,0.0,0.0,0.0,0.0,0.0,0.0,0.0,0.0,0.0
255,63,0.0,0.0,0.0,0.0,0.0,0.0,0.0,0.0,0.0,0.0,0.0,0.0,0.0
256,64,0.0,0.0,0.0,0.0,0.0,0.0,0.0,0.0,0.0,0.0,0.0,0.0,0.0
257,65,0.0,0.0,0.0,0.0,0.0,0.0,0.0,0.0,0.0,0.0,0.0,0.0,0.0
258,66,0.0,0.0,0.0,0.0,0.0,0.0,0.0,0.0,0.0,0.0,0.0,0.0,0.0
259,67,0.0,0.0,0.0,0.0,0.0,0.0,0.0,0.0,0.0,0.0,0.0,0.0,0.0
260,68,0.0,0.0,0.0,0.0,0.0,0.0,0.0,0.0,0.0,0.0,0.0,0.0,0.0
261,69,0.0,0.0,0.0,0.0,0.0,0.0,0.0,0.0,0.0,0.0,0.0,0.0,0.0
262,70,0.0,0.0,0.0,0.0,0.0,0.0,0.0,0.0,0.0,0.0,0.0,0.0,0.0
263,71,0.0,0.0,0.0,0.0,0.0,0.0,0.0,0.0,0.0,0.0,0.0,0.0,0.0
264,72,0.0,0.0,0.0,0.0,0.0,0.0,0.0,0.0,0.0,0.0,0.0,0.0,0.0
265,73,0.0,0.0,0.0,0.0,0.0,0.0,0.0,0.0,0.0,0.0,0.0,0.0,0.0
266,74,0.0,0.0,0.0,0.0,0.0,0.0,0.0,0.0,0.0,0.0,0.0,0.0,0.0
267,75,0.0,0.0,0.0,0.0,0.0,0.0,0.0,0.0,0.0,0.0,0.0,0.0,0.0
268,76,0.0,0.0,0.0,0.0,0.0,0.0,0.0,0.0,0.0,0.0,0.0,0.0,0.0
269,77,0.0,0.0,0.0,0.0,0.0,0.0,0.0,0.0,0.0,0.0,0.0,0.0,0.0
270,78,0.0,0.0,0.0,0.0,0.0,0.0,0.0,0.0,0.0,0.0,0.0,0.0,0.0
271,79,0.0,0.0,0.0,0.0,0.0,0.0,0.0,0.0,0.0,0.0,0.0,0.0,0.0
272,80,0.0,0.0,0.0,0.0,0.0,0.0,0.0,0.0,0.0,0.0,0.0,0.0,0.0
273,81,0.0,0.0,0.0,0.0,0.0,0.0,0.0,0.0,0.0,0.0,0.0,0.0,0.0
274,82,0.0,0.0,0.0,0.0,0.0,0.0,0.0,0.0,0.0,0.0,0.0,0.0,0.0
275,83,0.0,0.0,0.0,0.0,0.0,0.0,0.0,0.0,0.0,0.0,0.0,0.0,0.0
276,84,0.0,0.0,0.0,0.0,0.0,0.0,0.0,0.0,0.0,0.0,0.0,0.0,0.0
277,85,0.0,0.0,0.0,0.0,0.0,0.0,0.0,0.0,0.0,0.0,0.0,0.0,1.0
278,86,1.0,0.0,0.0,0.0,0.0,0.0,0.0,0.0,0.0,0.0,0.0,0.0,5.308
279,87,5.308,1.0,0.0,0.0,0.0,0.0,0.0,0.0,0.0,0.0,0.0,0.0,3.424
280,88,3.424,5.308,1.0,0.0,0.0,0.0,0.0,0.0,0.0,0.0,0.0,0.0,3.538
281,89,3.538,3.424,5.308,1.0,0.0,0.0,0.0,0.0,0.0,0.0,0.0,0.0,3.422
282,90,3.422,3.538,3.424,5.308,1.0,0.0,0.0,0.0,0.0,0.0,0.0,0.0,3.538
283,91,3.538,3.422,3.538,3.424,5.308,1.0,0.0,0.0,0.0,0.0,0.0,0.0,3.538
284,92,3.538,3.538,3.422,3.538,3.424,5.308,1.0,0.0,0.0,0.0,0.0,0.0,3.424
285,93,3.424,3.538,3.538,3.422,3.538,3.424,5.308,1.0,0.0,0.0,0.0,0.0,3.536
286,94,3.536,3.424,3.538,3.538,3.422,3.538,3.424,5.308,1.0,0.0,0.0,0.0,3.424
287,95,3.424,3.536,3.424,3.538,3.538,3.422,3.538,3.424,5.308,1.0,0.0,0.0,3.538
